$ANSIBLE_VAULT;1.1;AES256
36336233303364326563656135356461303637646263663031646232306539306230396666343661
6339613563303332616339646662396130663735323830660a633066363839303662396162383234
39343834633266306531666666336537653261393463326363663033613530343130623662343033
6636353037353462610a326461363134613465646436333761383762353631353962386334323230
66663536396530386162616263346131613134306438656363303562383965386637323532623366
65636137316539613364303130383862333932656432303937666236396532396333626361353861
39383661373835336165396537633237663235356163663137643639373661666462323035316633
34383330303234306263326662303339323033313530323363633061303033623239613731353465
65666430643066313166306164316231356564393464653237646465393537393261313939663265
37363763343132653230376137313663653464393364363031343762336665353230316237323565
39653732613730656635313439646366326264346332343563383335633431376135303165316138
35353962396230616264363234656632653532646161303434393735633436633864313237393561
38633438656634376239303033396434316438626338363937636535333836353832633030623366
35656132323239663039663031303335356231636335323035323537363038626233303833343632
34323966626562393834313339643931346462666363646462393365373563656632393763303838
65353234656638316362353763346137336266633539613936303961333565653261303535316231
37303862616165346530326430316130363234326633363866356532346530656364663436633034
38316132333334313433616538386464393036653266656463663035383737313338313366393063
33386638366361336233393233633863346533653162613739326638653365636538623839356530
63353232656439326636343263366131326664653662356465393139336634323331326430633863
62633562323030613337646539313830326662633762626662383166383830313039376339663065
64353966316637353063333236303539616131616439393334303936623230346134623939313665
30623739633664396163376537366632633034396437653036343633613962653366393836366462
35373430383763343664363963306633346530383864616263323334613435623531323633306131
61373661313963666539656436363466346336373839613232376232353339613832336163636139
39303735386633663836323437306432613130373763303836646163393438393938313330386431
33313330346237366135653839343130616633613331616635636137666630613462356239646139
32386239663963343834353437396533333239316532303231653633646339353263363230363662
63343135666435343136323562653962613161356237663932633334316433393035656263653735
30626537313936663338366662303539623064363030333061323362393336303537316335326661
66633737323965393637376536633265643231386430313061346131643764623535383437383434
30393538373833346231633162336637656133663835386161393433333939363438353839646134
36653939303130303364313736323263636536383032343861373636373162386436323633343934
66356233303139643935613761666630643536396664356131376439636331333238343332336134
33346665653461386434333939656663346333316666633730623363383637643338633434326231
63343932656464356365363031656262306363653766353362376264633734343664353831376563
62313630616232666130313039613430636538336333636664653464653664656130323238393665
34616163633934363463363233623832366162393930363539663139623231613535623938653330
39356234386430616362316230373031356636613262656362666339623534633661666635393432
36383136313262346262336266353937353931643139373065353831623932366639306166323139
33643735653231646535626235636366323738663239323162306538326663306365383164646566
37326161633630386139633639326664353162326362613639656233613135353965336630613939
31396263633333333336353235666330653265376238623730303037346435633332663864613033
66373430396535383336313036636666346261653036623031333934363433613261633365623865
37623034303636346661396566643430346666356261646334303965626661643339323832383536
32643237393631353237303165356336393530356139363636353461373164626436633036653535
62633330666163333630363864393235633532376531343965303731353962396432363664643730
65313965373631313535373162383363613335343961383736363564383335303866623634383466
65313637343937346561363662303737656666373035303366643931643264663139
